========================================================================
  ESTIMATION SUMMARY REPORT
  Soderbery (2018) Heterogeneous Elasticity Estimator
========================================================================

CONFIGURATION
------------------------------------------------------------------------
  BACI source:          baci_hs92_v202601
  Data path:            BACI_HS92_V202601/
  Scope:                country
  Aggregation:          hs4
  Min year:             1995
  Max year:             all available
  Structural defaults:  sigma_V=2.880, gamma_V=0.690
  Starting values:      sigma=2.880, gamma=0.690
  Min exporters:        2
  Min destinations:     2
  Min periods:          3
  UV outlier threshold: 2.0
  Tail trim:            0.5% each tail
  Timestamp:            2026-04-16 19:44:57

PERFORMANCE
------------------------------------------------------------------------
  Cores:                62
  Objective function:   pure R
  Wall clock time:      36.0 min (0.60 hours)
  Products:             1240 total, 1240 succeeded, 0 failed
  Throughput:           34.5 products/min
  Per product (sec):    median=60.7, mean=70.8, max=275.5
  Cell convergence:     243015 / 253068 (96.0%)

DATA PIPELINE
------------------------------------------------------------------------
  Stage                                             Obs      Dropped
  ---------------------------------------- ------------ ------------
  Data (pre-prepared)                        90,456,548             

GLOBAL DISTRIBUTIONAL STATISTICS
------------------------------------------------------------------------
  Total estimate rows:  8,082,613
  Products:             1240
  Importers:            233
  Exporters:            233
  Unique sigma (imp x good): 233,561
  Unique gamma (imp x exp x good): 8,082,613

  Sigma (elasticity of substitution):
    Median=4.007  Mean=688.040  SD=7817.579  IQR=[2.983, 5.699]

  Gamma (inverse export supply elasticity):
    Median=1.223  Mean=2.403  SD=10.932  MAD=0.585  IQR=[0.710, 1.986]

  Optimal tariff (Proposition 1):
    Median=1.045  Mean=6.614

  Trim bounds applied:
    Sigma: [1.449, 185496.850]  Gamma: [0.0000, 435.9911]
    Pre-trim: 8,225,745  Trimmed: 143,132

PER-IMPORTER SUMMARY (cf. Soderbery Table 2)
------------------------------------------------------------------------
  Importer                 Obs   sig_mn   sig_md  sig_MAD   gam_mn   gam_md  gam_MAD
  -------------------- ------- -------- -------- -------- -------- -------- --------
  100                   53,755  713.785    3.805    1.088    1.964    1.175    0.566
  104                   24,198  457.721    4.038    1.367    2.381    1.233    0.609
  108                   16,031 2505.373    4.357    1.591    2.871    1.280    0.674
  112                   40,943  400.894    3.624    1.026    2.188    1.191    0.543
  116                   24,688 1570.728    4.021    1.341    2.551    1.234    0.612
  12                    40,369  555.668    4.006    1.204    2.294    1.243    0.612
  120                   36,703  898.978    4.132    1.228    2.624    1.271    0.643
  124                   98,120  538.611    4.282    1.353    2.212    1.211    0.538
  132                   15,366 1568.746    4.430    1.655    2.725    1.360    0.676
  136                   10,134 1386.757    3.649    1.380    2.929    1.402    0.688
  140                    9,704 2079.011    4.017    1.427    3.064    1.342    0.723
  144                   41,535  489.075    3.769    1.202    2.418    1.172    0.589
  148                    9,454 1887.158    3.558    1.258    2.970    1.322    0.668
  152                   53,717  406.695    3.519    0.925    2.369    1.222    0.571
  156                   88,710  383.846    4.322    1.370    2.193    1.126    0.548
  16                     2,719 3489.707    3.849    1.621    3.099    1.334    0.637
  162                      905 2806.679    3.862    1.724    4.083    1.419    0.726
  166                      254 2359.183    3.321    1.054    5.639    1.574    0.605
  170                   49,938  272.133    3.396    0.888    2.442    1.221    0.596
  174                   10,868 2359.941    3.994    1.685    2.755    1.264    0.642
  175                   11,279 1067.130    3.390    1.044    2.852    1.349    0.643
  178                   29,301  675.533    4.208    1.314    2.497    1.260    0.635
  180                   30,789 1787.365    3.847    1.325    2.421    1.213    0.616
  184                    4,248 2193.704    3.531    1.332    2.940    1.330    0.644
  188                   48,170  652.416    4.093    1.068    2.519    1.339    0.629
  191                   50,971  477.894    3.856    1.032    2.223    1.205    0.569
  192                   29,992  580.563    3.514    1.026    2.381    1.227    0.624
  196                   48,446  481.319    3.740    0.994    2.228    1.196    0.562
  20                    16,118   88.859    3.340    0.959    2.766    1.455    0.646
  203                   73,033  153.295    3.968    1.192    2.261    1.227    0.564
  204                   22,951 1665.477    4.361    1.560    2.861    1.300    0.649
  208                   73,075  399.063    4.368    1.256    2.224    1.189    0.554
  212                   14,993 1203.750    3.475    1.196    2.754    1.347    0.662
  214                   42,561  354.652    3.767    1.079    2.636    1.331    0.635
  218                   41,130  333.393    3.594    0.976    2.647    1.288    0.618
  222                   36,197  790.303    3.635    0.954    2.485    1.329    0.636
  226                   13,686  546.107    3.454    0.979    2.855    1.263    0.631
  231                   41,101  345.514    4.297    1.292    2.528    1.280    0.652
  232                    6,677 2113.626    3.547    1.394    2.942    1.297    0.693
  233                   48,059  197.195    3.867    1.108    2.340    1.203    0.570
  238                    1,153 3834.606    3.086    1.026    3.868    1.506    0.826
  24                    48,274 1073.143    4.149    1.303    2.770    1.334    0.664
  242                   21,213 1499.380    3.745    1.154    2.917    1.344    0.672
  246                   61,346  309.748    3.898    0.972    2.021    1.211    0.566
  251                  116,084  330.218    4.374    1.268    1.954    1.164    0.531
  258                   28,108  248.487    3.074    0.727    2.747    1.337    0.616
  260                    1,198 4055.324    3.776    1.727    4.604    1.656    0.757
  262                   15,310 1030.450    3.733    1.270    2.613    1.188    0.594
  266                   31,859  588.643    3.575    0.986    2.892    1.278    0.635
  268                   38,964  766.953    4.052    1.218    2.560    1.219    0.580
  270                   19,628 2564.410    4.240    1.575    2.689    1.260    0.610
  275                   16,279 1349.213    4.247    1.852    2.670    1.278    0.592
  276                  110,340  298.858    4.641    1.314    2.117    1.133    0.523
  28                    22,511  564.787    3.431    1.116    2.783    1.337    0.634
  288                   53,185  546.388    4.568    1.477    2.494    1.271    0.636
  292                    9,128  784.153    3.259    1.055    3.312    1.414    0.703
  296                    7,237 2638.535    3.920    1.525    2.479    1.178    0.624
  300                   58,636  597.816    3.728    0.990    2.152    1.156    0.545
  304                   13,019 1671.441    3.565    1.057    2.389    1.266    0.586
  308                   17,877  805.690    3.445    1.098    3.374    1.430    0.719
  31                    37,386  469.181    3.939    1.095    2.381    1.241    0.591
  316                    6,408 1845.155    3.512    1.221    3.272    1.389    0.697
  32                    45,532  320.551    3.555    0.920    2.166    1.205    0.565
  320                   44,025  300.939    3.855    1.043    2.713    1.272    0.615
  324                   23,264 1040.730    3.837    1.238    2.449    1.226    0.606
  328                   23,204  864.023    3.899    1.214    2.830    1.361    0.670
  332                   13,555  768.182    3.714    1.338    2.920    1.283    0.630
  340                   35,320  713.731    3.715    1.107    2.514    1.292    0.621
  344                   60,446  546.591    4.246    1.292    2.181    1.171    0.545
  348                   57,865  251.600    4.197    1.209    2.145    1.222    0.567
  352                   43,580  142.261    3.389    0.831    2.402    1.269    0.589
  36                    72,408  467.616    3.742    1.097    2.315    1.235    0.579
  360                   61,500  823.911    4.372    1.439    2.299    1.203    0.601
  364                   38,014  807.288    3.895    1.138    2.384    1.167    0.587
  368                   28,856  704.964    3.782    1.321    2.437    1.233    0.581
  372                   69,998  557.652    4.065    1.164    2.362    1.270    0.567
  376                   52,499  491.700    5.114    1.824    2.138    1.215    0.565
  380                   92,107  220.939    3.893    0.976    1.997    1.125    0.524
  384                   44,601  752.981    4.178    1.130    2.028    1.259    0.626
  388                   30,302  753.005    3.935    1.108    3.055    1.382    0.662
  392                   68,057  440.360    4.141    1.288    2.184    1.194    0.548
  398                   47,822  527.527    3.890    1.152    2.257    1.222    0.556
  4                     17,219 1284.849    4.162    1.537    2.598    1.234    0.617
  40                    83,483  217.486    4.505    1.153    2.391    1.221    0.554
  400                   42,872  448.815    3.651    0.925    2.298    1.177    0.580
  404                   46,758  677.744    4.162    1.334    2.613    1.248    0.622
  408                    9,402 1100.265    4.083    1.585    2.476    1.145    0.593
  410                   74,262   94.986    4.047    1.178    2.331    1.203    0.576
  414                   54,852  548.467    3.530    0.944    2.373    1.173    0.575
  417                   26,553  891.980    4.036    1.457    2.620    1.294    0.599
  418                   13,046 1170.869    3.721    1.225    2.617    1.279    0.632
  422                   49,284  370.873    3.532    0.931    2.312    1.207    0.580
  426                    5,547 3174.583    3.488    1.310    3.784    1.556    0.753
  428                   43,702  419.364    4.078    1.182    2.132    1.180    0.572
  430                   20,446 1551.699    3.942    1.232    2.531    1.264    0.613
  434                   27,138  919.748    3.848    1.209    2.504    1.217    0.590
  44                    23,039  951.384    4.058    1.539    2.571    1.332    0.634
  440                   47,945  578.504    3.916    1.121    2.249    1.173    0.566
  442                   43,106  946.907    4.617    1.649    2.414    1.296    0.563
  446                   22,512 1872.214    3.665    1.204    2.625    1.280    0.603
  450                   30,732  707.357    3.774    1.045    2.689    1.268    0.648
  454                   24,629 2683.562    4.088    1.391    2.654    1.314    0.671
  458                   60,151  524.957    3.795    1.124    2.337    1.158    0.579
  462                   28,976  903.831    4.434    1.665    2.352    1.175    0.558
  466                   26,720  928.670    3.915    1.219    2.763    1.255    0.650
  470                   41,635  351.413    3.759    1.084    2.647    1.222    0.584
  478                   19,358 1349.818    3.632    1.149    2.862    1.254    0.629
  48                    48,753  205.450    3.465    0.858    2.458    1.182    0.582
  480                   40,375  279.941    3.511    0.931    2.431    1.234    0.620
  484                   60,855  406.820    3.759    1.270    2.451    1.237    0.558
  490                   59,461  491.411    4.180    1.309    2.163    1.210    0.567
  496                   25,069  820.088    3.670    1.161    2.655    1.290    0.584
  498                   36,541  409.393    3.772    0.999    2.436    1.225    0.572
  499                   31,604  898.015    3.681    1.069    2.374    1.278    0.592
  50                    39,220 1380.002    4.476    1.605    2.192    1.118    0.576
  500                    6,308 3353.427    3.225    1.085    3.395    1.417    0.751
  504                   47,459  661.854    4.102    1.078    2.408    1.220    0.568
  508                   31,859 1571.265    4.588    1.665    3.174    1.329    0.655
  51                    34,768 1523.465    3.599    1.042    2.271    1.209    0.561
  512                   43,687  692.833    3.908    1.133    2.487    1.153    0.562
  516                   28,786  571.342    3.969    1.237    2.730    1.383    0.675
  52                    30,294  335.874    3.598    0.966    3.019    1.392    0.671
  520                    1,923 2152.670    3.530    1.416    2.720    1.322    0.664
  524                   21,333 1095.022    4.016    1.521    2.832    1.373    0.646
  528                  104,965  635.341    4.850    1.536    2.177    1.130    0.539
  530                   17,617  973.325    3.624    1.235    2.629    1.305    0.616
  531                   15,546 1842.254    4.053    1.385    2.866    1.340    0.615
  533                   15,922  667.376    3.641    1.177    2.658    1.312    0.638
  534                    5,124 1366.495    3.206    1.126    3.408    1.386    0.667
  535                    2,174 2281.150    3.266    1.301    3.335    1.408    0.669
  540                   26,931  221.120    3.218    0.823    2.602    1.347    0.612
  548                   10,118 1768.414    3.415    1.231    2.798    1.230    0.609
  554                   58,264  394.368    3.935    1.194    2.492    1.256    0.591
  558                   32,217 1177.361    4.081    1.264    2.486    1.329    0.637
  56                    80,576  167.607    5.012    1.600    2.271    1.171    0.544
  562                   21,927 2366.345    4.061    1.476    2.955    1.268    0.657
  566                   52,009  610.126    4.042    1.244    2.404    1.202    0.604
  570                      622 4780.522    3.452    1.378    3.481    1.601    0.728
  574                    1,163 1975.668    3.220    0.876    2.818    1.323    0.628
  579                   67,235  131.051    3.685    0.864    2.061    1.201    0.548
  58                    30,441 3098.715    5.092    2.278    1.595    1.128    0.504
  580                    2,450 2085.050    3.479    1.544    3.388    1.395    0.708
  583                    8,045 2617.091    4.512    2.225    2.029    1.058    0.533
  584                    7,107 1825.492    3.833    1.517    2.839    1.277    0.630
  585                    8,342 2913.344    4.186    1.814    2.419    1.215    0.623
  586                   47,705  972.661    4.581    1.606    2.354    1.146    0.582
  591                   45,149  236.014    4.059    1.043    2.242    1.207    0.574
  598                   20,061 1148.409    3.873    1.408    2.768    1.329    0.682
  60                    14,690  548.864    3.628    1.216    2.251    1.447    0.653
  600                   28,666  355.373    3.621    1.013    2.516    1.340    0.634
  604                   46,495  709.331    3.554    0.957    2.363    1.256    0.601
  608                   48,994  589.457    4.033    1.173    2.482    1.254    0.624
  612                      132 5703.394    4.114    2.417    7.029    2.186    0.838
  616                   75,699  236.139    4.399    1.194    2.205    1.196    0.552
  620                   62,562  380.976    4.077    1.126    2.281    1.217    0.543
  624                    7,051 2099.830    3.574    1.173    2.840    1.334    0.675
  626                    9,566 3149.292    3.979    1.710    2.969    1.321    0.692
  634                   48,764  413.929    3.579    0.972    2.391    1.127    0.576
  64                     7,194 3566.075    3.935    1.640    2.958    1.390    0.704
  642                   59,183  442.230    4.194    1.188    2.098    1.187    0.558
  643                   72,869  401.731    4.340    1.313    2.062    1.125    0.520
  646                   27,063 1757.926    4.052    1.448    3.347    1.259    0.652
  652                    1,722 1439.436    3.196    1.006    3.645    1.429    0.678
  654                    1,566 4129.925    3.513    1.505    3.199    1.378    0.658
  659                   13,775 1787.721    3.411    0.962    3.821    1.385    0.684
  660                    5,134 2228.938    3.623    1.414    2.850    1.337    0.635
  662                   18,555 1230.925    3.363    0.940    3.510    1.442    0.715
  666                    1,904  963.450    3.064    0.988    3.092    1.320    0.621
  670                   20,436  425.715    3.283    0.891    3.000    1.388    0.704
  674                    4,148 2782.636    3.269    1.082    3.128    1.420    0.721
  678                    8,484 1320.980    3.874    1.431    3.250    1.385    0.713
  68                    34,303  665.148    3.820    1.193    2.868    1.334    0.634
  682                   63,306   95.229    3.770    0.936    2.301    1.161    0.572
  686                   37,404  897.698    4.523    1.443    2.424    1.264    0.634
  688                   49,662  531.772    4.268    1.243    2.254    1.218    0.572
  690                   30,676  452.118    3.644    1.058    2.690    1.286    0.649
  694                   16,298 1255.282    3.939    1.332    2.612    1.280    0.625
  699                   77,616  430.105    4.289    1.294    2.150    1.113    0.550
  70                    43,200  426.479    3.805    1.013    2.374    1.218    0.584
  702                   72,786  221.991    4.642    1.608    2.244    1.205    0.575
  703                   59,272  475.337    4.128    1.163    2.665    1.267    0.576
  704                   48,680  739.473    4.126    1.436    2.143    1.110    0.536
  705                   58,157  199.205    4.070    0.991    2.250    1.198    0.558
  706                    9,284 1678.012    3.810    1.484    2.937    1.295    0.644
  710                   79,659  432.604    4.046    1.232    2.265    1.171    0.567
  711                   26,551 2764.823    4.245    1.755    2.398    1.201    0.580
  716                   28,319 1051.869    4.251    1.463    2.567    1.327    0.668
  72                    20,645 1165.628    4.246    1.525    3.400    1.429    0.685
  724                   92,792  178.261    4.192    1.149    2.280    1.159    0.533
  728                    5,594 4164.899    4.062    1.749    3.284    1.383    0.731
  729                   23,104 2599.578    4.001    1.456    2.639    1.278    0.619
  736                   27,363 1473.320    4.236    1.418    2.572    1.223    0.630
  740                   19,008 1066.880    3.828    1.189    2.773    1.341    0.656
  748                   13,597 2213.772    4.171    1.760    2.950    1.429    0.684
  752                   72,922  794.229    4.906    1.556    2.196    1.236    0.567
  757                   86,699  202.944    4.059    1.083    1.800    1.206    0.552
  76                    60,738  228.649    3.796    0.970    2.366    1.185    0.582
  760                   25,463  922.970    3.865    1.263    2.311    1.180    0.585
  762                   15,508 1911.655    4.000    1.433    2.592    1.302    0.643
  764                   71,854  683.035    4.131    1.260    2.348    1.217    0.593
  768                   21,938  762.671    3.952    1.241    2.609    1.264    0.616
  772                      748 4475.254    3.485    1.494    4.398    1.659    0.796
  776                    9,197 2571.131    4.560    2.043    2.589    1.199    0.604
  780                   35,941  713.045    3.762    1.077    2.664    1.325    0.635
  784                   82,429  219.738    4.118    1.177    2.368    1.162    0.561
  788                   40,943  341.565    3.932    1.069    2.363    1.262    0.602
  792                   76,956  233.177    4.095    1.089    2.148    1.128    0.537
  795                   17,031 1526.655    3.908    1.274    2.403    1.243    0.610
  796                    4,710 1663.961    3.660    1.338    3.831    1.421    0.694
  798                    2,204 2047.859    3.559    1.508    3.211    1.303    0.651
  8                     28,981  620.749    3.828    1.086    2.337    1.208    0.566
  800                   37,454 2557.102    4.498    1.519    2.643    1.343    0.651
  804                   56,524  537.235    3.951    1.076    2.120    1.172    0.550
  807                   40,396  447.303    3.869    1.055    2.418    1.208    0.590
  818                   54,592  274.337    4.202    1.165    2.359    1.173    0.584
  826                  102,920  446.127    4.015    1.048    2.321    1.170    0.549
  834                   46,714 1981.634    4.792    1.759    2.874    1.343    0.673
  84                    18,511 1390.625    3.968    1.347    2.927    1.417    0.690
  842                  116,538  153.810    3.926    1.249    2.144    1.131    0.532
  849                    2,189 2545.000    3.474    1.415    3.427    1.427    0.629
  854                   26,914 1231.333    3.902    1.202    2.702    1.278    0.656
  858                   35,899  452.550    3.622    0.934    2.465    1.280    0.598
  86                       339 1233.062    3.753    1.491    4.693    1.965    0.765
  860                   29,151 1420.607    3.963    1.315    2.256    1.203    0.564
  862                   42,813 1115.020    4.130    1.251    2.359    1.254    0.612
  876                    4,490 1052.025    3.530    1.235    3.127    1.315    0.681
  882                    9,426 1982.039    3.990    1.550    2.729    1.278    0.651
  887                   24,328  978.217    3.847    1.286    2.491    1.177    0.607
  891                   28,420 1517.703    4.118    1.394    2.154    1.124    0.562
  894                   33,073 1224.663    4.645    1.674    2.852    1.252    0.615
  90                     9,389 1799.533    3.940    1.647    2.491    1.194    0.588
  92                     8,568 1638.329    3.896    1.386    3.110    1.391    0.684
  96                    25,417  755.441    3.837    1.332    2.664    1.267    0.631
  World                8,082,613  688.040    4.007    1.225    2.403    1.223    0.585

WITHIN IMPORTER-PRODUCT HETEROGENEITY (cf. Soderbery p. 52)
------------------------------------------------------------------------
  Importer-product pairs with 2+ exporters: 233,522

  Median gamma within pair:  0.970  [Q25=0.636, Q75=1.555]
  SD of gamma within pair:   0.495  [Q25=0.193, Q75=1.217]
  MAD of gamma within pair:  0.016  [Q25=0.000, Q75=0.077]

  Interpretation: For the median importer-product, exporters have
  a median inverse supply elasticity of 0.970 with within-pair
  SD of 0.495. Soderbery reports: median=0.712, SD=0.625, MAD=0.125.

VARIANCE DECOMPOSITION OF GAMMA (cf. Soderbery p. 52)
------------------------------------------------------------------------
  R-squared (importer x product FEs on log gamma): 0.562
  Observations: 8,082,613  Groups: 233,561

  Interpretation: 56% of variation in log(gamma) is explained by
  importer-product fixed effects. The remaining 44% comes from
  exporter heterogeneity within importer-product pairs.
  Soderbery reports 72% explained by importer-product FEs.

CELL FAILURE DIAGNOSTICS
------------------------------------------------------------------------
  Total failed cells: 10,053

  Reason                                 Count
  ----------------------------------- --------
  no_nonref_exporters                   10,032
  all_tier3_no_prior                        21

========================================================================
  END OF REPORT
========================================================================
